SOURCE_FAMILY,REFERENCE_SOURCE,MATCH,MENTIONED_FILES,CONTEXT
F1,C:\RSOS\F1_FINAL_LOCAL\F1_FINAL_FREEZE\02_F1_FINAL_STATUS_LEDGER.csv,NONLINEAGE,," scoring because required derived features were assumed to be direct matrix columns. BR2_V2_R1_EXTERNAL_SEPARATION,MEASURED_SUPPORTED,Later lineage vs LM Arena development holdout AUC 0.615326; p=1.16184e-05. BR2_V2_SURFACE_FREE_EXTERNAL_SEPARATION,MEASURED_SUPPORTED,Later lineage vs LM Arena development holdout AUC 0.758177; 95% CI 0.722206-0.791273; p=1.36379e-21. BR2_V2_SURFACE_FREE_ALL_INDEPENDENT_PAIRS,MEASURED_SUPPORTED,AUC 0.757960; 95% CI 0.737172-0.779961; p=1.0585e-24. BR2_V2_SAMEUSER_NONLINEAGE_VS_LMARENA,MEASURED_NONDIFFERENCE,Surface-free AUC 0.532811; p=0.0921282. Does not show the same external separation for ordinary same-user non-lineage conversations. BR2_V2_STRICT_MATCHED_CONTROL,FAILED_CALIBRATION,""Max |SMD| after matching 2.5758, above frozen <=0.25 gate. Matched AUCs are diagnostic only and must not support the primary claim."" BR2_V2_OPERATOR_RELATIONAL_EXTERNAL,UNAVAILABLE,Exact cross-process reconstruction not guaranteed because historical first-position extraction used u"
F1,C:\RSOS\F1_FINAL_LOCAL\F1_FINAL_FREEZE\02_F1_FINAL_STATUS_LEDGER.csv,non-lineage,,"LM Arena development holdout AUC 0.615326; p=1.16184e-05. BR2_V2_SURFACE_FREE_EXTERNAL_SEPARATION,MEASURED_SUPPORTED,Later lineage vs LM Arena development holdout AUC 0.758177; 95% CI 0.722206-0.791273; p=1.36379e-21. BR2_V2_SURFACE_FREE_ALL_INDEPENDENT_PAIRS,MEASURED_SUPPORTED,AUC 0.757960; 95% CI 0.737172-0.779961; p=1.0585e-24. BR2_V2_SAMEUSER_NONLINEAGE_VS_LMARENA,MEASURED_NONDIFFERENCE,Surface-free AUC 0.532811; p=0.0921282. Does not show the same external separation for ordinary same-user non-lineage conversations. BR2_V2_STRICT_MATCHED_CONTROL,FAILED_CALIBRATION,""Max |SMD| after matching 2.5758, above frozen <=0.25 gate. Matched AUCs are diagnostic only and must not support the primary claim."" BR2_V2_OPERATOR_RELATIONAL_EXTERNAL,UNAVAILABLE,Exact cross-process reconstruction not guaranteed because historical first-position extraction used unordered set truncation. BR2_V2_JOINT_MULTILAYER_EXTERNAL,UNAVAILABLE,Same exact-reconstruction limitation; no approximation promoted. LANGUAGE_STRATIFI"
F1,C:\RSOS\F1_FINAL_LOCAL\F1_FINAL_FREEZE\03_F1_FINAL_ADJUDICATION.md,non-lineage,,"# F1 FINAL — FREEZE AND ADJUDICATION ## Final F1 classification **F1 — STRONG BLIND HISTORICAL STRUCTURAL REDISCOVERY WITH INDEPENDENT LM-ARENA POPULATION SEPARATION** F1 supports a reproducible RSOS-lineage structural fingerprint in the historical corpus. The signal was frozen from early RSOS and recovered later RSOS/RSSO/RSIA/RSX conversations under blinding, survived direct-terminology message dropout, topic/domain controls, local-window length hardening, same-user non-lineage controls, and genealogy testing. BR2 then applied exact deterministic BR1-compatible extraction to independent LM Arena conversations and reproduced external separation. The strongest exact cross-corpus result is the frozen Surface-Free model: - later lineage vs LM Arena development holdout: AUC 0.758177, 95% CI 0.722206–0.791273, p=1.36379e-21 - later lineage vs all independent LM Arena pairs: AUC 0.757960, 95% CI 0.737172–0.779961, p=1.0585e-24 - later lineage vs same-user non-lineage: AUC "
F1,C:\RSOS\F1_FINAL_LOCAL\F1_FINAL_FREEZE\03_F1_FINAL_ADJUDICATION.md,non-lineage,,"-user non-lineage controls, and genealogy testing. BR2 then applied exact deterministic BR1-compatible extraction to independent LM Arena conversations and reproduced external separation. The strongest exact cross-corpus result is the frozen Surface-Free model: - later lineage vs LM Arena development holdout: AUC 0.758177, 95% CI 0.722206–0.791273, p=1.36379e-21 - later lineage vs all independent LM Arena pairs: AUC 0.757960, 95% CI 0.737172–0.779961, p=1.0585e-24 - later lineage vs same-user non-lineage: AUC 0.813743 - same-user non-lineage vs LM Arena: AUC 0.532811, p=0.0921282 This pattern materially weakens the explanation that the measured effect is merely generic authorship/style. ## Important limitation The BR2 strict one-to-one matched-control block FAILED its predeclared balance gate: max |SMD| after matching = 2.5758, whereas the gate was <=0.25. Therefore BR2 matched AUCs/pair-win rates are diagnostic only and are NOT used to support the primary F1 conclusion. ## Claim boundary "
F1,C:\RSOS\F1_FINAL_LOCAL\F1_FINAL_FREEZE\03_F1_FINAL_ADJUDICATION.md,non-lineage,,"ogy testing. BR2 then applied exact deterministic BR1-compatible extraction to independent LM Arena conversations and reproduced external separation. The strongest exact cross-corpus result is the frozen Surface-Free model: - later lineage vs LM Arena development holdout: AUC 0.758177, 95% CI 0.722206–0.791273, p=1.36379e-21 - later lineage vs all independent LM Arena pairs: AUC 0.757960, 95% CI 0.737172–0.779961, p=1.0585e-24 - later lineage vs same-user non-lineage: AUC 0.813743 - same-user non-lineage vs LM Arena: AUC 0.532811, p=0.0921282 This pattern materially weakens the explanation that the measured effect is merely generic authorship/style. ## Important limitation The BR2 strict one-to-one matched-control block FAILED its predeclared balance gate: max |SMD| after matching = 2.5758, whereas the gate was <=0.25. Therefore BR2 matched AUCs/pair-win rates are diagnostic only and are NOT used to support the primary F1 conclusion. ## Claim boundary frozen at F1 ### Supported 1. A repro"
F1,C:\RSOS\F1_FINAL_LOCAL\F1_FINAL_FREEZE\01_FROZEN_EVIDENCE_ARCHIVES\F1_BR1_BLIND_RSOS_CORPUS_REDISCOVERY_RESULTS_PACKAGE.zip::F1_BR1_RESULTS_PACKAGE/07_RESULTS/LMARENA_RELATIONAL_GRAPH_CONTROL.csv,NONLINEAGE,,"COMPARISON,EDGE_VECTOR_PEARSON,SIGN_AGREEMENT,MEAN_ABS_DIFF EARLY_RSOS_vs_LATER_LINEAGE,0.5457777060512695,0.725,0.23771981350958216 EARLY_RSOS_vs_SAMEUSER_NONLINEAGE,0.60121749791428,0.675,0.23663860370330797 EARLY_RSOS_vs_LMARENA,0.4563598035658119,0.675,0.3209008758990312 LATER_LINEAGE_vs_LMARENA,0.44375888574570077,0.65,0.3415610590770307 "
F1,C:\RSOS\F1_FINAL_LOCAL\F1_FINAL_FREEZE\01_FROZEN_EVIDENCE_ARCHIVES\F1_BR2_LMARENA_MATCHED_CONTROL_COMPLETE_V2.zip::01_BR1_FROZEN/F1_BR1_RESULTS_PACKAGE/07_RESULTS/LMARENA_RELATIONAL_GRAPH_CONTROL.csv,NONLINEAGE,,"COMPARISON,EDGE_VECTOR_PEARSON,SIGN_AGREEMENT,MEAN_ABS_DIFF EARLY_RSOS_vs_LATER_LINEAGE,0.5457777060512695,0.725,0.23771981350958216 EARLY_RSOS_vs_SAMEUSER_NONLINEAGE,0.60121749791428,0.675,0.23663860370330797 EARLY_RSOS_vs_LMARENA,0.4563598035658119,0.675,0.3209008758990312 LATER_LINEAGE_vs_LMARENA,0.44375888574570077,0.65,0.3415610590770307 "
F1,C:\RSOS\F1_FINAL_LOCAL\F1_FINAL_FREEZE\01_FROZEN_EVIDENCE_ARCHIVES\F1_BR2_LMARENA_MATCHED_CONTROL_COMPLETE_V2.zip::11_V2_BR1_FROZEN/F1_BR1_RESULTS_PACKAGE/07_RESULTS/LMARENA_RELATIONAL_GRAPH_CONTROL.csv,NONLINEAGE,,"COMPARISON,EDGE_VECTOR_PEARSON,SIGN_AGREEMENT,MEAN_ABS_DIFF EARLY_RSOS_vs_LATER_LINEAGE,0.5457777060512695,0.725,0.23771981350958216 EARLY_RSOS_vs_SAMEUSER_NONLINEAGE,0.60121749791428,0.675,0.23663860370330797 EARLY_RSOS_vs_LMARENA,0.4563598035658119,0.675,0.3209008758990312 LATER_LINEAGE_vs_LMARENA,0.44375888574570077,0.65,0.3415610590770307 "
F1,C:\RSOS\F1_FINAL_LOCAL\F1_FINAL_FREEZE\01_FROZEN_EVIDENCE_ARCHIVES\F1_BR2_LMARENA_MATCHED_CONTROL_COMPLETE_V2.zip::11_V2_MANIFEST/BR2_V2_SUMMARY.json,non_lineage,,"{ ""version"": ""F1_BR2_V2_EXACT_EXTRACTOR"", ""completed_utc"": ""2026-09-11T20:12:16.443041+00:00"", ""n_later_lineage"": 137, ""n_sameuser_non_lineage"": 175, ""n_lm_holdout_independent_pairs"": 624, ""n_matched_pairs"": 137, ""matching_pool"": ""ALL_PROVIDER_HOLDOUT"", ""max_abs_smd_after"": 2.575758354387391, ""primary_results"": [ { ""TEST"": ""LATER_LINEAGE_vs_LMARENA_DEVELOPMENT_HOLDOUT"", ""MODEL"": ""R1_COMPATIBLE"", ""N_POS"": 137, ""N_NEG"": 624, ""AUC"": 0.6153261276436459, ""CI95_LOW"": 0.5719910981658244, ""CI95_HIGH"": 0.6578157168257533, ""P_ONE_SIDED"": 1.161842898425544e-05 }, "
F1,C:\RSOS\F1_FINAL_LOCAL\F1_FINAL_FREEZE\01_FROZEN_EVIDENCE_ARCHIVES\F1_BR2_LMARENA_MATCHED_CONTROL_COMPLETE_V2.zip::11_V2_MANIFEST/BR2_V2_SUMMARY.json,NONLINEAGE,,"4, ""n_matched_pairs"": 137, ""matching_pool"": ""ALL_PROVIDER_HOLDOUT"", ""max_abs_smd_after"": 2.575758354387391, ""primary_results"": [ { ""TEST"": ""LATER_LINEAGE_vs_LMARENA_DEVELOPMENT_HOLDOUT"", ""MODEL"": ""R1_COMPATIBLE"", ""N_POS"": 137, ""N_NEG"": 624, ""AUC"": 0.6153261276436459, ""CI95_LOW"": 0.5719910981658244, ""CI95_HIGH"": 0.6578157168257533, ""P_ONE_SIDED"": 1.161842898425544e-05 }, { ""TEST"": ""LATER_LINEAGE_vs_SAMEUSER_NONLINEAGE"", ""MODEL"": ""R1_COMPATIBLE"", ""N_POS"": 137, ""N_NEG"": 175, ""AUC"": 0.7055265901981231, ""CI95_LOW"": 0.646422314911366, ""CI95_HIGH"": 0.7656871741397289, ""P_ONE_SIDED"": 2.3249978887682955e-10 }, { ""TEST"": ""SAMEUSER_NONLINEAGE_vs_LMARENA_DEVELOPMENT_HOLDOUT"", ""MODEL"": ""R1_COMPATIBLE"", ""N_POS"": 175, ""N_NEG"": 624, ""AUC"": 0.4725274725274725, ""CI95_LOW"": 0.43075022893772885, ""CI95_HIGH"": 0.5129489468"
F1,C:\RSOS\F1_FINAL_LOCAL\F1_FINAL_FREEZE\01_FROZEN_EVIDENCE_ARCHIVES\F1_BR2_LMARENA_MATCHED_CONTROL_COMPLETE_V2.zip::11_V2_MANIFEST/BR2_V2_SUMMARY.json,NONLINEAGE,," ""AUC"": 0.6153261276436459, ""CI95_LOW"": 0.5719910981658244, ""CI95_HIGH"": 0.6578157168257533, ""P_ONE_SIDED"": 1.161842898425544e-05 }, { ""TEST"": ""LATER_LINEAGE_vs_SAMEUSER_NONLINEAGE"", ""MODEL"": ""R1_COMPATIBLE"", ""N_POS"": 137, ""N_NEG"": 175, ""AUC"": 0.7055265901981231, ""CI95_LOW"": 0.646422314911366, ""CI95_HIGH"": 0.7656871741397289, ""P_ONE_SIDED"": 2.3249978887682955e-10 }, { ""TEST"": ""SAMEUSER_NONLINEAGE_vs_LMARENA_DEVELOPMENT_HOLDOUT"", ""MODEL"": ""R1_COMPATIBLE"", ""N_POS"": 175, ""N_NEG"": 624, ""AUC"": 0.4725274725274725, ""CI95_LOW"": 0.43075022893772885, ""CI95_HIGH"": 0.5129489468864469, ""P_ONE_SIDED"": 0.8669436840552658 }, { ""TEST"": ""LATER_LINEAGE_vs_LMARENA_ALL_INDEPENDENT_PAIRS"", ""MODEL"": ""R1_COMPATIBLE"", ""N_POS"": 137, ""N_NEG"": 2614, ""AUC"": 0.6022679675414249, ""CI95_LOW"": 0.5666827693665217, "
F1,C:\RSOS\F1_FINAL_LOCAL\F1_FINAL_FREEZE\01_FROZEN_EVIDENCE_ARCHIVES\F1_BR2_LMARENA_MATCHED_CONTROL_COMPLETE_V2.zip::11_V2_MANIFEST/BR2_V2_SUMMARY.json,NONLINEAGE,,"5414249, ""CI95_LOW"": 0.5666827693665217, ""CI95_HIGH"": 0.6352209327651778, ""P_ONE_SIDED"": 2.6586144765467852e-05 }, { ""TEST"": ""LATER_LINEAGE_vs_LMARENA_DEVELOPMENT_HOLDOUT"", ""MODEL"": ""SURFACE_FREE"", ""N_POS"": 137, ""N_NEG"": 624, ""AUC"": 0.7581765861875351, ""CI95_LOW"": 0.7222057481751826, ""CI95_HIGH"": 0.7912733366086467, ""P_ONE_SIDED"": 1.3637927847948612e-21 }, { ""TEST"": ""LATER_LINEAGE_vs_SAMEUSER_NONLINEAGE"", ""MODEL"": ""SURFACE_FREE"", ""N_POS"": 137, ""N_NEG"": 175, ""AUC"": 0.8137434827945778, ""CI95_LOW"": 0.7654025026068821, ""CI95_HIGH"": 0.8572294056308656, ""P_ONE_SIDED"": 9.407258023115998e-22 }, { ""TEST"": ""SAMEUSER_NONLINEAGE_vs_LMARENA_DEVELOPMENT_HOLDOUT"", ""MODEL"": ""SURFACE_FREE"", ""N_POS"": 175, ""N_NEG"": 624, ""AUC"": 0.5328113553113553, ""CI95_LOW"": 0.49082657967032967, ""CI95_HIGH"": 0.573534913003"
F1,C:\RSOS\F1_FINAL_LOCAL\F1_FINAL_FREEZE\01_FROZEN_EVIDENCE_ARCHIVES\F1_BR2_LMARENA_MATCHED_CONTROL_COMPLETE_V2.zip::11_V2_MANIFEST/BR2_V2_SUMMARY.json,NONLINEAGE,," ""AUC"": 0.7581765861875351, ""CI95_LOW"": 0.7222057481751826, ""CI95_HIGH"": 0.7912733366086467, ""P_ONE_SIDED"": 1.3637927847948612e-21 }, { ""TEST"": ""LATER_LINEAGE_vs_SAMEUSER_NONLINEAGE"", ""MODEL"": ""SURFACE_FREE"", ""N_POS"": 137, ""N_NEG"": 175, ""AUC"": 0.8137434827945778, ""CI95_LOW"": 0.7654025026068821, ""CI95_HIGH"": 0.8572294056308656, ""P_ONE_SIDED"": 9.407258023115998e-22 }, { ""TEST"": ""SAMEUSER_NONLINEAGE_vs_LMARENA_DEVELOPMENT_HOLDOUT"", ""MODEL"": ""SURFACE_FREE"", ""N_POS"": 175, ""N_NEG"": 624, ""AUC"": 0.5328113553113553, ""CI95_LOW"": 0.49082657967032967, ""CI95_HIGH"": 0.573534913003663, ""P_ONE_SIDED"": 0.09212820772960423 }, { ""TEST"": ""LATER_LINEAGE_vs_LMARENA_ALL_INDEPENDENT_PAIRS"", ""MODEL"": ""SURFACE_FREE"", ""N_POS"": 137, ""N_NEG"": 2614, ""AUC"": 0.7579596669254268, ""CI95_LOW"": 0.7371719656649484, ""C"
F1,C:\RSOS\F1_FINAL_LOCAL\F1_FINAL_FREEZE\01_FROZEN_EVIDENCE_ARCHIVES\F1_BR2_LMARENA_MATCHED_CONTROL_COMPLETE_V2.zip::11_V2_MANIFEST/BR2_V2_SUMMARY.txt,non-lineage,,"F1-BR2 V2 — EXACT-EXTRACTOR LM ARENA MATCHED CONTROL Later lineage holdout: 137 Same-user non-lineage holdout: 175 Independent LM Arena development-holdout pairs: 624 One-to-one matched pairs: 137 Matching pool: ALL_PROVIDER_HOLDOUT Max |SMD| after matching: 2.5758 LATER_LINEAGE_vs_LMARENA_DEVELOPMENT_HOLDOUT | R1_COMPATIBLE | AUC=0.615326 | 95% CI [0.571991,0.657816] | p=1.16184e-05 LATER_LINEAGE_vs_SAMEUSER_NONLINEAGE | R1_COMPATIBLE | AUC=0.705527 | 95% CI [0.646422,0.765687] | p=2.325e-10 SAMEUSER_NONLINEAGE_vs_LMARENA_DEVELOPMENT_HOLDOUT | R1_COMPATIBLE | AUC=0.472527 | 95% CI [0."
F1,C:\RSOS\F1_FINAL_LOCAL\F1_FINAL_FREEZE\01_FROZEN_EVIDENCE_ARCHIVES\F1_BR2_LMARENA_MATCHED_CONTROL_COMPLETE_V2.zip::11_V2_MANIFEST/BR2_V2_SUMMARY.txt,NONLINEAGE,,"F1-BR2 V2 — EXACT-EXTRACTOR LM ARENA MATCHED CONTROL Later lineage holdout: 137 Same-user non-lineage holdout: 175 Independent LM Arena development-holdout pairs: 624 One-to-one matched pairs: 137 Matching pool: ALL_PROVIDER_HOLDOUT Max |SMD| after matching: 2.5758 LATER_LINEAGE_vs_LMARENA_DEVELOPMENT_HOLDOUT | R1_COMPATIBLE | AUC=0.615326 | 95% CI [0.571991,0.657816] | p=1.16184e-05 LATER_LINEAGE_vs_SAMEUSER_NONLINEAGE | R1_COMPATIBLE | AUC=0.705527 | 95% CI [0.646422,0.765687] | p=2.325e-10 SAMEUSER_NONLINEAGE_vs_LMARENA_DEVELOPMENT_HOLDOUT | R1_COMPATIBLE | AUC=0.472527 | 95% CI [0.430750,0.512949] | p=0.866944 LATER_LINEAGE_vs_LMARENA_ALL_INDEPENDENT_PAIRS | R1_COMPATIBLE | AUC=0.602268 | 95% CI [0.566683,0.635221] | p=2.65861e-05 LATER_LINEAGE_vs_LMARENA_DEVELOPMENT_HOLDOUT | SURFACE_FREE | AUC=0.758177 | 95% CI [0.722206,0.791273] | p=1.36379e-21 LATER_LINEAGE_vs_SAMEUSER_NONLINEAGE | SURFACE_FREE | "
F1,C:\RSOS\F1_FINAL_LOCAL\F1_FINAL_FREEZE\01_FROZEN_EVIDENCE_ARCHIVES\F1_BR2_LMARENA_MATCHED_CONTROL_COMPLETE_V2.zip::11_V2_MANIFEST/BR2_V2_SUMMARY.txt,NONLINEAGE,,"TRACTOR LM ARENA MATCHED CONTROL Later lineage holdout: 137 Same-user non-lineage holdout: 175 Independent LM Arena development-holdout pairs: 624 One-to-one matched pairs: 137 Matching pool: ALL_PROVIDER_HOLDOUT Max |SMD| after matching: 2.5758 LATER_LINEAGE_vs_LMARENA_DEVELOPMENT_HOLDOUT | R1_COMPATIBLE | AUC=0.615326 | 95% CI [0.571991,0.657816] | p=1.16184e-05 LATER_LINEAGE_vs_SAMEUSER_NONLINEAGE | R1_COMPATIBLE | AUC=0.705527 | 95% CI [0.646422,0.765687] | p=2.325e-10 SAMEUSER_NONLINEAGE_vs_LMARENA_DEVELOPMENT_HOLDOUT | R1_COMPATIBLE | AUC=0.472527 | 95% CI [0.430750,0.512949] | p=0.866944 LATER_LINEAGE_vs_LMARENA_ALL_INDEPENDENT_PAIRS | R1_COMPATIBLE | AUC=0.602268 | 95% CI [0.566683,0.635221] | p=2.65861e-05 LATER_LINEAGE_vs_LMARENA_DEVELOPMENT_HOLDOUT | SURFACE_FREE | AUC=0.758177 | 95% CI [0.722206,0.791273] | p=1.36379e-21 LATER_LINEAGE_vs_SAMEUSER_NONLINEAGE | SURFACE_FREE | AUC=0.813743 | 95% CI [0.765403,0.857229] | p=9.40726e-22 SAMEUSER_NONLINEAGE_vs_LMARENA_DEVEL"
F1,C:\RSOS\F1_FINAL_LOCAL\F1_FINAL_FREEZE\01_FROZEN_EVIDENCE_ARCHIVES\F1_BR2_LMARENA_MATCHED_CONTROL_COMPLETE_V2.zip::11_V2_MANIFEST/BR2_V2_SUMMARY.txt,NONLINEAGE,,"NEAGE_vs_SAMEUSER_NONLINEAGE | R1_COMPATIBLE | AUC=0.705527 | 95% CI [0.646422,0.765687] | p=2.325e-10 SAMEUSER_NONLINEAGE_vs_LMARENA_DEVELOPMENT_HOLDOUT | R1_COMPATIBLE | AUC=0.472527 | 95% CI [0.430750,0.512949] | p=0.866944 LATER_LINEAGE_vs_LMARENA_ALL_INDEPENDENT_PAIRS | R1_COMPATIBLE | AUC=0.602268 | 95% CI [0.566683,0.635221] | p=2.65861e-05 LATER_LINEAGE_vs_LMARENA_DEVELOPMENT_HOLDOUT | SURFACE_FREE | AUC=0.758177 | 95% CI [0.722206,0.791273] | p=1.36379e-21 LATER_LINEAGE_vs_SAMEUSER_NONLINEAGE | SURFACE_FREE | AUC=0.813743 | 95% CI [0.765403,0.857229] | p=9.40726e-22 SAMEUSER_NONLINEAGE_vs_LMARENA_DEVELOPMENT_HOLDOUT | SURFACE_FREE | AUC=0.532811 | 95% CI [0.490827,0.573535] | p=0.0921282 LATER_LINEAGE_vs_LMARENA_ALL_INDEPENDENT_PAIRS | SURFACE_FREE | AUC=0.757960 | 95% CI [0.737172,0.779961] | p=1.0585e-24 MATCHED | R1_COMPATIBLE | AUC=0.584901 | pair-win=0.649635 | binom p=0.000290494 | signflip p=4.99975e-05 MATCHED | SURFACE_FREE | AUC=0.724972 | pair-win=0.781022 | binom p"
F1,C:\RSOS\F1_FINAL_LOCAL\F1_FINAL_FREEZE\01_FROZEN_EVIDENCE_ARCHIVES\F1_BR2_LMARENA_MATCHED_CONTROL_COMPLETE_V2.zip::11_V2_MANIFEST/BR2_V2_SUMMARY.txt,NONLINEAGE,,"25e-10 SAMEUSER_NONLINEAGE_vs_LMARENA_DEVELOPMENT_HOLDOUT | R1_COMPATIBLE | AUC=0.472527 | 95% CI [0.430750,0.512949] | p=0.866944 LATER_LINEAGE_vs_LMARENA_ALL_INDEPENDENT_PAIRS | R1_COMPATIBLE | AUC=0.602268 | 95% CI [0.566683,0.635221] | p=2.65861e-05 LATER_LINEAGE_vs_LMARENA_DEVELOPMENT_HOLDOUT | SURFACE_FREE | AUC=0.758177 | 95% CI [0.722206,0.791273] | p=1.36379e-21 LATER_LINEAGE_vs_SAMEUSER_NONLINEAGE | SURFACE_FREE | AUC=0.813743 | 95% CI [0.765403,0.857229] | p=9.40726e-22 SAMEUSER_NONLINEAGE_vs_LMARENA_DEVELOPMENT_HOLDOUT | SURFACE_FREE | AUC=0.532811 | 95% CI [0.490827,0.573535] | p=0.0921282 LATER_LINEAGE_vs_LMARENA_ALL_INDEPENDENT_PAIRS | SURFACE_FREE | AUC=0.757960 | 95% CI [0.737172,0.779961] | p=1.0585e-24 MATCHED | R1_COMPATIBLE | AUC=0.584901 | pair-win=0.649635 | binom p=0.000290494 | signflip p=4.99975e-05 MATCHED | SURFACE_FREE | AUC=0.724972 | pair-win=0.781022 | binom p=1.2173e-11 | signflip p=4.99975e-05 R1 + SURFACE_FREE: MEASURED using exact deterministic ex"
F1,C:\RSOS\F1_FINAL_LOCAL\F1_FINAL_FREEZE\01_FROZEN_EVIDENCE_ARCHIVES\F1_BR2_LMARENA_MATCHED_CONTROL_COMPLETE_V2.zip::15_V2_RESULTS/BR2_V2_PRIMARY_RESULTS.csv,NONLINEAGE,,"TEST,MODEL,N_POS,N_NEG,AUC,CI95_LOW,CI95_HIGH,P_ONE_SIDED LATER_LINEAGE_vs_LMARENA_DEVELOPMENT_HOLDOUT,R1_COMPATIBLE,137,624,0.6153261276436459,0.5719910981658244,0.6578157168257533,1.161842898425544e-05 LATER_LINEAGE_vs_SAMEUSER_NONLINEAGE,R1_COMPATIBLE,137,175,0.7055265901981231,0.646422314911366,0.7656871741397289,2.3249978887682955e-10 SAMEUSER_NONLINEAGE_vs_LMARENA_DEVELOPMENT_HOLDOUT,R1_COMPATIBLE,175,624,0.4725274725274725,0.43075022893772885,0.5129489468864469,0.8669436840552658 LATER_LINEAGE_vs_LMARENA_ALL_INDEPENDENT_PAIRS,R1_COMPATIBLE,137,2614,0.6022679675414249,0.5666827693665217,0.6352209327651778,2.6586144765467852e-05 LATER_LINEAGE_vs_LMARENA_DEVELOPMENT_HOLDOUT,SURFACE_FREE,137,624,0.7581765861875351,0.72220574"
F1,C:\RSOS\F1_FINAL_LOCAL\F1_FINAL_FREEZE\01_FROZEN_EVIDENCE_ARCHIVES\F1_BR2_LMARENA_MATCHED_CONTROL_COMPLETE_V2.zip::15_V2_RESULTS/BR2_V2_PRIMARY_RESULTS.csv,NONLINEAGE,,"TEST,MODEL,N_POS,N_NEG,AUC,CI95_LOW,CI95_HIGH,P_ONE_SIDED LATER_LINEAGE_vs_LMARENA_DEVELOPMENT_HOLDOUT,R1_COMPATIBLE,137,624,0.6153261276436459,0.5719910981658244,0.6578157168257533,1.161842898425544e-05 LATER_LINEAGE_vs_SAMEUSER_NONLINEAGE,R1_COMPATIBLE,137,175,0.7055265901981231,0.646422314911366,0.7656871741397289,2.3249978887682955e-10 SAMEUSER_NONLINEAGE_vs_LMARENA_DEVELOPMENT_HOLDOUT,R1_COMPATIBLE,175,624,0.4725274725274725,0.43075022893772885,0.5129489468864469,0.8669436840552658 LATER_LINEAGE_vs_LMARENA_ALL_INDEPENDENT_PAIRS,R1_COMPATIBLE,137,2614,0.6022679675414249,0.5666827693665217,0.6352209327651778,2.6586144765467852e-05 LATER_LINEAGE_vs_LMARENA_DEVELOPMENT_HOLDOUT,SURFACE_FREE,137,624,0.7581765861875351,0.7222057481751826,0.7912733366086467,1.3637927847948612e-21 LATER_LINEAGE_vs_SAMEUSER_NONLINEAGE,SURFACE_FREE,137,175,0.8137434827"
F1,C:\RSOS\F1_FINAL_LOCAL\F1_FINAL_FREEZE\01_FROZEN_EVIDENCE_ARCHIVES\F1_BR2_LMARENA_MATCHED_CONTROL_COMPLETE_V2.zip::15_V2_RESULTS/BR2_V2_PRIMARY_RESULTS.csv,NONLINEAGE,,",2.3249978887682955e-10 SAMEUSER_NONLINEAGE_vs_LMARENA_DEVELOPMENT_HOLDOUT,R1_COMPATIBLE,175,624,0.4725274725274725,0.43075022893772885,0.5129489468864469,0.8669436840552658 LATER_LINEAGE_vs_LMARENA_ALL_INDEPENDENT_PAIRS,R1_COMPATIBLE,137,2614,0.6022679675414249,0.5666827693665217,0.6352209327651778,2.6586144765467852e-05 LATER_LINEAGE_vs_LMARENA_DEVELOPMENT_HOLDOUT,SURFACE_FREE,137,624,0.7581765861875351,0.7222057481751826,0.7912733366086467,1.3637927847948612e-21 LATER_LINEAGE_vs_SAMEUSER_NONLINEAGE,SURFACE_FREE,137,175,0.8137434827945778,0.7654025026068821,0.8572294056308656,9.407258023115998e-22 SAMEUSER_NONLINEAGE_vs_LMARENA_DEVELOPMENT_HOLDOUT,SURFACE_FREE,175,624,0.5328113553113553,0.49082657967032967,0.573534913003663,0.09212820772960423 LATER_LINEAGE_vs_LMARENA_ALL_INDEPENDENT_PAIRS,SURFACE_FREE,137,2614,0.7579596669254268,0.7371719656649484,0.7799606903311199,1.0585040658238622e-24 "
F1,C:\RSOS\F1_FINAL_LOCAL\F1_FINAL_FREEZE\01_FROZEN_EVIDENCE_ARCHIVES\F1_BR2_LMARENA_MATCHED_CONTROL_COMPLETE_V2.zip::15_V2_RESULTS/BR2_V2_PRIMARY_RESULTS.csv,NONLINEAGE,,"075022893772885,0.5129489468864469,0.8669436840552658 LATER_LINEAGE_vs_LMARENA_ALL_INDEPENDENT_PAIRS,R1_COMPATIBLE,137,2614,0.6022679675414249,0.5666827693665217,0.6352209327651778,2.6586144765467852e-05 LATER_LINEAGE_vs_LMARENA_DEVELOPMENT_HOLDOUT,SURFACE_FREE,137,624,0.7581765861875351,0.7222057481751826,0.7912733366086467,1.3637927847948612e-21 LATER_LINEAGE_vs_SAMEUSER_NONLINEAGE,SURFACE_FREE,137,175,0.8137434827945778,0.7654025026068821,0.8572294056308656,9.407258023115998e-22 SAMEUSER_NONLINEAGE_vs_LMARENA_DEVELOPMENT_HOLDOUT,SURFACE_FREE,175,624,0.5328113553113553,0.49082657967032967,0.573534913003663,0.09212820772960423 LATER_LINEAGE_vs_LMARENA_ALL_INDEPENDENT_PAIRS,SURFACE_FREE,137,2614,0.7579596669254268,0.7371719656649484,0.7799606903311199,1.0585040658238622e-24 "
WF1-P0,C:\RSOS\RSOS_EXPERIMENTS_WF1_P0_HISTORICAL_CORPUS_BRIDGE\ADJUDICATION\WF1_P0_FINAL_ADJUDICATION_AND_FEATURE_FREEZE.zip::00_INTEGRITY_AND_ADJUDICATION.json,same-author,OMPLETE.zip,"OMPLETE.zip"", ""uploaded_package_sha256"": ""510E6992C1AC1BA2D8CDE0B5E01B1E3832E83E66B4DAB35CC1C6137FE2012DD5"", ""package_hash_matches_user_reported"": true, ""internal_output_hash_rows_checked"": 13, ""internal_output_hash_mismatches"": 0, ""discovery_status"": ""COMPLETE"", ""messages_extracted"": 72639, ""conversations"": 1775, ""public_external_data_used"": false, ""adjudication_note"": ""Raw full-conversation effects are materially length/date confounded. Fixed-window hardening using frozen F1 same-author lineage/non-lineage labels retains strong state-diversity/dwell effects and moderate coupling/transition effects. External feature registry must use surface-free analogues."" }"
WF1-P0,C:\RSOS\RSOS_EXPERIMENTS_WF1_P0_HISTORICAL_CORPUS_BRIDGE\ADJUDICATION\WF1_P0_FINAL_ADJUDICATION_AND_FEATURE_FREEZE.zip::00_INTEGRITY_AND_ADJUDICATION.json,non-lineage,,"oaded_package_sha256"": ""510E6992C1AC1BA2D8CDE0B5E01B1E3832E83E66B4DAB35CC1C6137FE2012DD5"", ""package_hash_matches_user_reported"": true, ""internal_output_hash_rows_checked"": 13, ""internal_output_hash_mismatches"": 0, ""discovery_status"": ""COMPLETE"", ""messages_extracted"": 72639, ""conversations"": 1775, ""public_external_data_used"": false, ""adjudication_note"": ""Raw full-conversation effects are materially length/date confounded. Fixed-window hardening using frozen F1 same-author lineage/non-lineage labels retains strong state-diversity/dwell effects and moderate coupling/transition effects. External feature registry must use surface-free analogues."" }"
WF1-P0,C:\RSOS\RSOS_EXPERIMENTS_WF1_P0_HISTORICAL_CORPUS_BRIDGE\ADJUDICATION\WF1_P0_FINAL_ADJUDICATION_AND_FEATURE_FREEZE.zip::01_WF1_P0_FROZEN_DISCOVERY_FEATURE_REGISTRY.csv,same-author,,"feature_or_family,branch,status,reason,external_rule dominant_family_entropy,H1 dynamics,PROMOTE_CORE_DISCOVERY,Large fixed-window same-author lineage separation; holdout d=1.293 at 8 messages and d=1.194 at 12 messages.,Do not use lexical-family implementation as final external feature; construct a surface-free analogue before untouched external testing. unique_dominant_states,H1 dynamics,PROMOTE_CORE_DISCOVERY,Large fixed-window holdout separation; d=1.189 at 8 messages and d=1.096 at 12 messages.,Treat current family labels as discovery scaffolding; external version must be terminology-independent. dominant_dwell_rate,H1 dynamics,P"
WF1-P0,C:\RSOS\RSOS_EXPERIMENTS_WF1_P0_HISTORICAL_CORPUS_BRIDGE\ADJUDICATION\WF1_P0_FINAL_ADJUDICATION_AND_FEATURE_FREEZE.zip::01_WF1_P0_FROZEN_DISCOVERY_FEATURE_REGISTRY.csv,same-author,,"shuffle controls. mean_transition_cosine,H1 dynamics,PROMOTE_SECONDARY,Moderate fixed-window holdout separation; d=0.619 at 8 messages and d=0.398 at 12 messages.,Retain with time-shuffle and Markov-marginal controls. mean_delta_norm,H1 dynamics,PROMOTE_SECONDARY,Small-to-moderate 8-message effect and stronger 12-message holdout effect (d=0.622).,Length-normalize and preserve fixed-window evaluation. lagged_user_assistant_gain,H1 coupling,KEEP_DIRECTIONAL_SECONDARY,Lineage shows lower gain than same-author non-lineage controls in fixed windows; holdout d=-0.885 at 8 messages and -0.803 at 12.,Direction must be frozen as observed; do not redefine sign after external data. mean_recurrence,H1 recovery,KEEP_NEGATIVE_OR_INVERSE,""Fixed-window lineage recurrence is slightly lower, not higher; holdout d=-0.279 at 8 and -0.357 at 12."",Do not use as evidence for an attractor without a dedicated perturbation/recovery experiment. ABA_feedback_rate,H1 dynamics,EXPLORATORY_ONLY,Weak/inconsistent fixed-window e"
WF1-P0,C:\RSOS\RSOS_EXPERIMENTS_WF1_P0_HISTORICAL_CORPUS_BRIDGE\ADJUDICATION\WF1_P0_FINAL_ADJUDICATION_AND_FEATURE_FREEZE.zip::01_WF1_P0_FROZEN_DISCOVERY_FEATURE_REGISTRY.csv,non-lineage,,"rols. mean_transition_cosine,H1 dynamics,PROMOTE_SECONDARY,Moderate fixed-window holdout separation; d=0.619 at 8 messages and d=0.398 at 12 messages.,Retain with time-shuffle and Markov-marginal controls. mean_delta_norm,H1 dynamics,PROMOTE_SECONDARY,Small-to-moderate 8-message effect and stronger 12-message holdout effect (d=0.622).,Length-normalize and preserve fixed-window evaluation. lagged_user_assistant_gain,H1 coupling,KEEP_DIRECTIONAL_SECONDARY,Lineage shows lower gain than same-author non-lineage controls in fixed windows; holdout d=-0.885 at 8 messages and -0.803 at 12.,Direction must be frozen as observed; do not redefine sign after external data. mean_recurrence,H1 recovery,KEEP_NEGATIVE_OR_INVERSE,""Fixed-window lineage recurrence is slightly lower, not higher; holdout d=-0.279 at 8 and -0.357 at 12."",Do not use as evidence for an attractor without a dedicated perturbation/recovery experiment. ABA_feedback_rate,H1 dynamics,EXPLORATORY_ONLY,Weak/inconsistent fixed-window effects.,Do n"
WF1-P0,C:\RSOS\RSOS_EXPERIMENTS_WF1_P0_HISTORICAL_CORPUS_BRIDGE\ADJUDICATION\WF1_P0_FINAL_ADJUDICATION_AND_FEATURE_FREEZE.zip::02_FIXED_WINDOW_HARDENING.csv,non_lineage,,"comparison,window_messages,feature,cohen_d_lineage_minus_non_lineage holdout,8,dominant_family_entropy,1.292673 holdout,8,unique_dominant_states,1.189316 holdout,8,lagged_user_assistant_gain,-0.885119 holdout,8,lagged_user_assistant_cosine,0.722204 holdout,8,dominant_dwell_rate,0.652832 holdout,8,mean_transition_cosine,0.619427 holdout,8,mean_delta_norm,0.348531 holdout,8,mean_recurrence,-0.278969 holdout,8,ABA_feedback_rate,-0.091771 holdout,8,sd_delta_norm,0.07851 holdout,8,mean_curvature,-0.061287 holdout,12,dominant_family_entropy,1.193763 holdout,12,unique_"
WF1-P0,C:\RSOS\RSOS_EXPERIMENTS_WF1_P0_HISTORICAL_CORPUS_BRIDGE\ADJUDICATION\WF1_P0_FINAL_ADJUDICATION_AND_FEATURE_FREEZE.zip::02_FIXED_WINDOW_HARDENING.csv,same_author,,"norm,0.07851 holdout,8,mean_curvature,-0.061287 holdout,12,dominant_family_entropy,1.193763 holdout,12,unique_dominant_states,1.096024 holdout,12,dominant_dwell_rate,0.836253 holdout,12,lagged_user_assistant_gain,-0.803156 holdout,12,mean_delta_norm,0.621785 holdout,12,lagged_user_assistant_cosine,0.466309 holdout,12,mean_transition_cosine,0.398286 holdout,12,mean_recurrence,-0.357398 holdout,12,mean_curvature,0.183081 holdout,12,ABA_feedback_rate,0.141071 holdout,12,sd_delta_norm,-0.130723 all_same_author,8,dominant_family_entropy,1.221518 all_same_author,8,unique_dominant_states,1.050485 all_same_author,8,lagged_user_assistant_cosine,0.777882 all_same_author,8,mean_transition_cosine,0.679094 all_same_author,8,lagged_user_assistant_gain,-0.589578 all_same_author,8,dominant_dwell_rate,0.582981 all_same_author,8,mean_recurrence,-0.386682 all_same_author,8,sd_delta_norm,0.367209 all_same_author,8,mean_curvature,-0.284276 all_same_author,8,mean_delta_norm,0.218944 all_same_author,8,ABA_feedback_rate"
WF1-P0,C:\RSOS\RSOS_EXPERIMENTS_WF1_P0_HISTORICAL_CORPUS_BRIDGE\ADJUDICATION\WF1_P0_FINAL_ADJUDICATION_AND_FEATURE_FREEZE.zip::02_FIXED_WINDOW_HARDENING.csv,same_author,,"dout,12,dominant_family_entropy,1.193763 holdout,12,unique_dominant_states,1.096024 holdout,12,dominant_dwell_rate,0.836253 holdout,12,lagged_user_assistant_gain,-0.803156 holdout,12,mean_delta_norm,0.621785 holdout,12,lagged_user_assistant_cosine,0.466309 holdout,12,mean_transition_cosine,0.398286 holdout,12,mean_recurrence,-0.357398 holdout,12,mean_curvature,0.183081 holdout,12,ABA_feedback_rate,0.141071 holdout,12,sd_delta_norm,-0.130723 all_same_author,8,dominant_family_entropy,1.221518 all_same_author,8,unique_dominant_states,1.050485 all_same_author,8,lagged_user_assistant_cosine,0.777882 all_same_author,8,mean_transition_cosine,0.679094 all_same_author,8,lagged_user_assistant_gain,-0.589578 all_same_author,8,dominant_dwell_rate,0.582981 all_same_author,8,mean_recurrence,-0.386682 all_same_author,8,sd_delta_norm,0.367209 all_same_author,8,mean_curvature,-0.284276 all_same_author,8,mean_delta_norm,0.218944 all_same_author,8,ABA_feedback_rate,-0.074142 all_same_author,12,dominant_family_entro"
WF1-P0,C:\RSOS\RSOS_EXPERIMENTS_WF1_P0_HISTORICAL_CORPUS_BRIDGE\ADJUDICATION\WF1_P0_FINAL_ADJUDICATION_AND_FEATURE_FREEZE.zip::02_FIXED_WINDOW_HARDENING.csv,same_author,,"2,unique_dominant_states,1.096024 holdout,12,dominant_dwell_rate,0.836253 holdout,12,lagged_user_assistant_gain,-0.803156 holdout,12,mean_delta_norm,0.621785 holdout,12,lagged_user_assistant_cosine,0.466309 holdout,12,mean_transition_cosine,0.398286 holdout,12,mean_recurrence,-0.357398 holdout,12,mean_curvature,0.183081 holdout,12,ABA_feedback_rate,0.141071 holdout,12,sd_delta_norm,-0.130723 all_same_author,8,dominant_family_entropy,1.221518 all_same_author,8,unique_dominant_states,1.050485 all_same_author,8,lagged_user_assistant_cosine,0.777882 all_same_author,8,mean_transition_cosine,0.679094 all_same_author,8,lagged_user_assistant_gain,-0.589578 all_same_author,8,dominant_dwell_rate,0.582981 all_same_author,8,mean_recurrence,-0.386682 all_same_author,8,sd_delta_norm,0.367209 all_same_author,8,mean_curvature,-0.284276 all_same_author,8,mean_delta_norm,0.218944 all_same_author,8,ABA_feedback_rate,-0.074142 all_same_author,12,dominant_family_entropy,1.117041 all_same_author,12,unique_dominant_sta"
WF1-P0,C:\RSOS\RSOS_EXPERIMENTS_WF1_P0_HISTORICAL_CORPUS_BRIDGE\ADJUDICATION\WF1_P0_FINAL_ADJUDICATION_AND_FEATURE_FREEZE.zip::02_FIXED_WINDOW_HARDENING.csv,same_author,,"ell_rate,0.836253 holdout,12,lagged_user_assistant_gain,-0.803156 holdout,12,mean_delta_norm,0.621785 holdout,12,lagged_user_assistant_cosine,0.466309 holdout,12,mean_transition_cosine,0.398286 holdout,12,mean_recurrence,-0.357398 holdout,12,mean_curvature,0.183081 holdout,12,ABA_feedback_rate,0.141071 holdout,12,sd_delta_norm,-0.130723 all_same_author,8,dominant_family_entropy,1.221518 all_same_author,8,unique_dominant_states,1.050485 all_same_author,8,lagged_user_assistant_cosine,0.777882 all_same_author,8,mean_transition_cosine,0.679094 all_same_author,8,lagged_user_assistant_gain,-0.589578 all_same_author,8,dominant_dwell_rate,0.582981 all_same_author,8,mean_recurrence,-0.386682 all_same_author,8,sd_delta_norm,0.367209 all_same_author,8,mean_curvature,-0.284276 all_same_author,8,mean_delta_norm,0.218944 all_same_author,8,ABA_feedback_rate,-0.074142 all_same_author,12,dominant_family_entropy,1.117041 all_same_author,12,unique_dominant_states,0.92657 all_same_author,12,dominant_dwell_rate,0.687"
WF1-P0,C:\RSOS\RSOS_EXPERIMENTS_WF1_P0_HISTORICAL_CORPUS_BRIDGE\ADJUDICATION\WF1_P0_FINAL_ADJUDICATION_AND_FEATURE_FREEZE.zip::02_FIXED_WINDOW_HARDENING.csv,same_author,,"_gain,-0.803156 holdout,12,mean_delta_norm,0.621785 holdout,12,lagged_user_assistant_cosine,0.466309 holdout,12,mean_transition_cosine,0.398286 holdout,12,mean_recurrence,-0.357398 holdout,12,mean_curvature,0.183081 holdout,12,ABA_feedback_rate,0.141071 holdout,12,sd_delta_norm,-0.130723 all_same_author,8,dominant_family_entropy,1.221518 all_same_author,8,unique_dominant_states,1.050485 all_same_author,8,lagged_user_assistant_cosine,0.777882 all_same_author,8,mean_transition_cosine,0.679094 all_same_author,8,lagged_user_assistant_gain,-0.589578 all_same_author,8,dominant_dwell_rate,0.582981 all_same_author,8,mean_recurrence,-0.386682 all_same_author,8,sd_delta_norm,0.367209 all_same_author,8,mean_curvature,-0.284276 all_same_author,8,mean_delta_norm,0.218944 all_same_author,8,ABA_feedback_rate,-0.074142 all_same_author,12,dominant_family_entropy,1.117041 all_same_author,12,unique_dominant_states,0.92657 all_same_author,12,dominant_dwell_rate,0.68748 all_same_author,12,mean_delta_norm,0.562004 all"
WF1-P0,C:\RSOS\RSOS_EXPERIMENTS_WF1_P0_HISTORICAL_CORPUS_BRIDGE\ADJUDICATION\WF1_P0_FINAL_ADJUDICATION_AND_FEATURE_FREEZE.zip::02_FIXED_WINDOW_HARDENING.csv,same_author,,"dout,12,lagged_user_assistant_cosine,0.466309 holdout,12,mean_transition_cosine,0.398286 holdout,12,mean_recurrence,-0.357398 holdout,12,mean_curvature,0.183081 holdout,12,ABA_feedback_rate,0.141071 holdout,12,sd_delta_norm,-0.130723 all_same_author,8,dominant_family_entropy,1.221518 all_same_author,8,unique_dominant_states,1.050485 all_same_author,8,lagged_user_assistant_cosine,0.777882 all_same_author,8,mean_transition_cosine,0.679094 all_same_author,8,lagged_user_assistant_gain,-0.589578 all_same_author,8,dominant_dwell_rate,0.582981 all_same_author,8,mean_recurrence,-0.386682 all_same_author,8,sd_delta_norm,0.367209 all_same_author,8,mean_curvature,-0.284276 all_same_author,8,mean_delta_norm,0.218944 all_same_author,8,ABA_feedback_rate,-0.074142 all_same_author,12,dominant_family_entropy,1.117041 all_same_author,12,unique_dominant_states,0.92657 all_same_author,12,dominant_dwell_rate,0.68748 all_same_author,12,mean_delta_norm,0.562004 all_same_author,12,lagged_user_assistant_cosine,0.516463 a"
WF1-P0,C:\RSOS\RSOS_EXPERIMENTS_WF1_P0_HISTORICAL_CORPUS_BRIDGE\ADJUDICATION\WF1_P0_FINAL_ADJUDICATION_AND_FEATURE_FREEZE.zip::02_FIXED_WINDOW_HARDENING.csv,same_author,,"oldout,12,mean_transition_cosine,0.398286 holdout,12,mean_recurrence,-0.357398 holdout,12,mean_curvature,0.183081 holdout,12,ABA_feedback_rate,0.141071 holdout,12,sd_delta_norm,-0.130723 all_same_author,8,dominant_family_entropy,1.221518 all_same_author,8,unique_dominant_states,1.050485 all_same_author,8,lagged_user_assistant_cosine,0.777882 all_same_author,8,mean_transition_cosine,0.679094 all_same_author,8,lagged_user_assistant_gain,-0.589578 all_same_author,8,dominant_dwell_rate,0.582981 all_same_author,8,mean_recurrence,-0.386682 all_same_author,8,sd_delta_norm,0.367209 all_same_author,8,mean_curvature,-0.284276 all_same_author,8,mean_delta_norm,0.218944 all_same_author,8,ABA_feedback_rate,-0.074142 all_same_author,12,dominant_family_entropy,1.117041 all_same_author,12,unique_dominant_states,0.92657 all_same_author,12,dominant_dwell_rate,0.68748 all_same_author,12,mean_delta_norm,0.562004 all_same_author,12,lagged_user_assistant_cosine,0.516463 all_same_author,12,lagged_user_assistant_gain,-0"
WF1-P0,C:\RSOS\RSOS_EXPERIMENTS_WF1_P0_HISTORICAL_CORPUS_BRIDGE\ADJUDICATION\WF1_P0_FINAL_ADJUDICATION_AND_FEATURE_FREEZE.zip::02_FIXED_WINDOW_HARDENING.csv,same_author,,"ldout,12,mean_recurrence,-0.357398 holdout,12,mean_curvature,0.183081 holdout,12,ABA_feedback_rate,0.141071 holdout,12,sd_delta_norm,-0.130723 all_same_author,8,dominant_family_entropy,1.221518 all_same_author,8,unique_dominant_states,1.050485 all_same_author,8,lagged_user_assistant_cosine,0.777882 all_same_author,8,mean_transition_cosine,0.679094 all_same_author,8,lagged_user_assistant_gain,-0.589578 all_same_author,8,dominant_dwell_rate,0.582981 all_same_author,8,mean_recurrence,-0.386682 all_same_author,8,sd_delta_norm,0.367209 all_same_author,8,mean_curvature,-0.284276 all_same_author,8,mean_delta_norm,0.218944 all_same_author,8,ABA_feedback_rate,-0.074142 all_same_author,12,dominant_family_entropy,1.117041 all_same_author,12,unique_dominant_states,0.92657 all_same_author,12,dominant_dwell_rate,0.68748 all_same_author,12,mean_delta_norm,0.562004 all_same_author,12,lagged_user_assistant_cosine,0.516463 all_same_author,12,lagged_user_assistant_gain,-0.491644 all_same_author,12,mean_recurrence,-"
WF1-P0,C:\RSOS\RSOS_EXPERIMENTS_WF1_P0_HISTORICAL_CORPUS_BRIDGE\ADJUDICATION\WF1_P0_FINAL_ADJUDICATION_AND_FEATURE_FREEZE.zip::02_FIXED_WINDOW_HARDENING.csv,same_author,,"t,12,mean_curvature,0.183081 holdout,12,ABA_feedback_rate,0.141071 holdout,12,sd_delta_norm,-0.130723 all_same_author,8,dominant_family_entropy,1.221518 all_same_author,8,unique_dominant_states,1.050485 all_same_author,8,lagged_user_assistant_cosine,0.777882 all_same_author,8,mean_transition_cosine,0.679094 all_same_author,8,lagged_user_assistant_gain,-0.589578 all_same_author,8,dominant_dwell_rate,0.582981 all_same_author,8,mean_recurrence,-0.386682 all_same_author,8,sd_delta_norm,0.367209 all_same_author,8,mean_curvature,-0.284276 all_same_author,8,mean_delta_norm,0.218944 all_same_author,8,ABA_feedback_rate,-0.074142 all_same_author,12,dominant_family_entropy,1.117041 all_same_author,12,unique_dominant_states,0.92657 all_same_author,12,dominant_dwell_rate,0.68748 all_same_author,12,mean_delta_norm,0.562004 all_same_author,12,lagged_user_assistant_cosine,0.516463 all_same_author,12,lagged_user_assistant_gain,-0.491644 all_same_author,12,mean_recurrence,-0.436206 all_same_author,12,mean_transiti"
WF1-P0,C:\RSOS\RSOS_EXPERIMENTS_WF1_P0_HISTORICAL_CORPUS_BRIDGE\ADJUDICATION\WF1_P0_FINAL_ADJUDICATION_AND_FEATURE_FREEZE.zip::02_FIXED_WINDOW_HARDENING.csv,same_author,,"_feedback_rate,0.141071 holdout,12,sd_delta_norm,-0.130723 all_same_author,8,dominant_family_entropy,1.221518 all_same_author,8,unique_dominant_states,1.050485 all_same_author,8,lagged_user_assistant_cosine,0.777882 all_same_author,8,mean_transition_cosine,0.679094 all_same_author,8,lagged_user_assistant_gain,-0.589578 all_same_author,8,dominant_dwell_rate,0.582981 all_same_author,8,mean_recurrence,-0.386682 all_same_author,8,sd_delta_norm,0.367209 all_same_author,8,mean_curvature,-0.284276 all_same_author,8,mean_delta_norm,0.218944 all_same_author,8,ABA_feedback_rate,-0.074142 all_same_author,12,dominant_family_entropy,1.117041 all_same_author,12,unique_dominant_states,0.92657 all_same_author,12,dominant_dwell_rate,0.68748 all_same_author,12,mean_delta_norm,0.562004 all_same_author,12,lagged_user_assistant_cosine,0.516463 all_same_author,12,lagged_user_assistant_gain,-0.491644 all_same_author,12,mean_recurrence,-0.436206 all_same_author,12,mean_transition_cosine,0.412797 all_same_author,12,ABA_f"
WF1-P0,C:\RSOS\RSOS_EXPERIMENTS_WF1_P0_HISTORICAL_CORPUS_BRIDGE\ADJUDICATION\WF1_P0_FINAL_ADJUDICATION_AND_FEATURE_FREEZE.zip::02_FIXED_WINDOW_HARDENING.csv,same_author,,"_norm,-0.130723 all_same_author,8,dominant_family_entropy,1.221518 all_same_author,8,unique_dominant_states,1.050485 all_same_author,8,lagged_user_assistant_cosine,0.777882 all_same_author,8,mean_transition_cosine,0.679094 all_same_author,8,lagged_user_assistant_gain,-0.589578 all_same_author,8,dominant_dwell_rate,0.582981 all_same_author,8,mean_recurrence,-0.386682 all_same_author,8,sd_delta_norm,0.367209 all_same_author,8,mean_curvature,-0.284276 all_same_author,8,mean_delta_norm,0.218944 all_same_author,8,ABA_feedback_rate,-0.074142 all_same_author,12,dominant_family_entropy,1.117041 all_same_author,12,unique_dominant_states,0.92657 all_same_author,12,dominant_dwell_rate,0.68748 all_same_author,12,mean_delta_norm,0.562004 all_same_author,12,lagged_user_assistant_cosine,0.516463 all_same_author,12,lagged_user_assistant_gain,-0.491644 all_same_author,12,mean_recurrence,-0.436206 all_same_author,12,mean_transition_cosine,0.412797 all_same_author,12,ABA_feedback_rate,0.190023 all_same_author,12,sd"
WF1-P0,C:\RSOS\RSOS_EXPERIMENTS_WF1_P0_HISTORICAL_CORPUS_BRIDGE\ADJUDICATION\WF1_P0_FINAL_ADJUDICATION_AND_FEATURE_FREEZE.zip::02_FIXED_WINDOW_HARDENING.csv,same_author,,"ily_entropy,1.221518 all_same_author,8,unique_dominant_states,1.050485 all_same_author,8,lagged_user_assistant_cosine,0.777882 all_same_author,8,mean_transition_cosine,0.679094 all_same_author,8,lagged_user_assistant_gain,-0.589578 all_same_author,8,dominant_dwell_rate,0.582981 all_same_author,8,mean_recurrence,-0.386682 all_same_author,8,sd_delta_norm,0.367209 all_same_author,8,mean_curvature,-0.284276 all_same_author,8,mean_delta_norm,0.218944 all_same_author,8,ABA_feedback_rate,-0.074142 all_same_author,12,dominant_family_entropy,1.117041 all_same_author,12,unique_dominant_states,0.92657 all_same_author,12,dominant_dwell_rate,0.68748 all_same_author,12,mean_delta_norm,0.562004 all_same_author,12,lagged_user_assistant_cosine,0.516463 all_same_author,12,lagged_user_assistant_gain,-0.491644 all_same_author,12,mean_recurrence,-0.436206 all_same_author,12,mean_transition_cosine,0.412797 all_same_author,12,ABA_feedback_rate,0.190023 all_same_author,12,sd_delta_norm,0.140568 all_same_author,12,mean_c"
WF1-P0,C:\RSOS\RSOS_EXPERIMENTS_WF1_P0_HISTORICAL_CORPUS_BRIDGE\ADJUDICATION\WF1_P0_FINAL_ADJUDICATION_AND_FEATURE_FREEZE.zip::02_FIXED_WINDOW_HARDENING.csv,same_author,,"nt_states,1.050485 all_same_author,8,lagged_user_assistant_cosine,0.777882 all_same_author,8,mean_transition_cosine,0.679094 all_same_author,8,lagged_user_assistant_gain,-0.589578 all_same_author,8,dominant_dwell_rate,0.582981 all_same_author,8,mean_recurrence,-0.386682 all_same_author,8,sd_delta_norm,0.367209 all_same_author,8,mean_curvature,-0.284276 all_same_author,8,mean_delta_norm,0.218944 all_same_author,8,ABA_feedback_rate,-0.074142 all_same_author,12,dominant_family_entropy,1.117041 all_same_author,12,unique_dominant_states,0.92657 all_same_author,12,dominant_dwell_rate,0.68748 all_same_author,12,mean_delta_norm,0.562004 all_same_author,12,lagged_user_assistant_cosine,0.516463 all_same_author,12,lagged_user_assistant_gain,-0.491644 all_same_author,12,mean_recurrence,-0.436206 all_same_author,12,mean_transition_cosine,0.412797 all_same_author,12,ABA_feedback_rate,0.190023 all_same_author,12,sd_delta_norm,0.140568 all_same_author,12,mean_curvature,-0.013012 "
WF1-P0,C:\RSOS\RSOS_EXPERIMENTS_WF1_P0_HISTORICAL_CORPUS_BRIDGE\ADJUDICATION\WF1_P0_FINAL_ADJUDICATION_AND_FEATURE_FREEZE.zip::02_FIXED_WINDOW_HARDENING.csv,same_author,,"ssistant_cosine,0.777882 all_same_author,8,mean_transition_cosine,0.679094 all_same_author,8,lagged_user_assistant_gain,-0.589578 all_same_author,8,dominant_dwell_rate,0.582981 all_same_author,8,mean_recurrence,-0.386682 all_same_author,8,sd_delta_norm,0.367209 all_same_author,8,mean_curvature,-0.284276 all_same_author,8,mean_delta_norm,0.218944 all_same_author,8,ABA_feedback_rate,-0.074142 all_same_author,12,dominant_family_entropy,1.117041 all_same_author,12,unique_dominant_states,0.92657 all_same_author,12,dominant_dwell_rate,0.68748 all_same_author,12,mean_delta_norm,0.562004 all_same_author,12,lagged_user_assistant_cosine,0.516463 all_same_author,12,lagged_user_assistant_gain,-0.491644 all_same_author,12,mean_recurrence,-0.436206 all_same_author,12,mean_transition_cosine,0.412797 all_same_author,12,ABA_feedback_rate,0.190023 all_same_author,12,sd_delta_norm,0.140568 all_same_author,12,mean_curvature,-0.013012 "
WF1-P0,C:\RSOS\RSOS_EXPERIMENTS_WF1_P0_HISTORICAL_CORPUS_BRIDGE\ADJUDICATION\WF1_P0_FINAL_ADJUDICATION_AND_FEATURE_FREEZE.zip::02_FIXED_WINDOW_HARDENING.csv,same_author,,"_transition_cosine,0.679094 all_same_author,8,lagged_user_assistant_gain,-0.589578 all_same_author,8,dominant_dwell_rate,0.582981 all_same_author,8,mean_recurrence,-0.386682 all_same_author,8,sd_delta_norm,0.367209 all_same_author,8,mean_curvature,-0.284276 all_same_author,8,mean_delta_norm,0.218944 all_same_author,8,ABA_feedback_rate,-0.074142 all_same_author,12,dominant_family_entropy,1.117041 all_same_author,12,unique_dominant_states,0.92657 all_same_author,12,dominant_dwell_rate,0.68748 all_same_author,12,mean_delta_norm,0.562004 all_same_author,12,lagged_user_assistant_cosine,0.516463 all_same_author,12,lagged_user_assistant_gain,-0.491644 all_same_author,12,mean_recurrence,-0.436206 all_same_author,12,mean_transition_cosine,0.412797 all_same_author,12,ABA_feedback_rate,0.190023 all_same_author,12,sd_delta_norm,0.140568 all_same_author,12,mean_curvature,-0.013012 "
WF1-P0,C:\RSOS\RSOS_EXPERIMENTS_WF1_P0_HISTORICAL_CORPUS_BRIDGE\ADJUDICATION\WF1_P0_FINAL_ADJUDICATION_AND_FEATURE_FREEZE.zip::02_FIXED_WINDOW_HARDENING.csv,same_author,,"8,lagged_user_assistant_gain,-0.589578 all_same_author,8,dominant_dwell_rate,0.582981 all_same_author,8,mean_recurrence,-0.386682 all_same_author,8,sd_delta_norm,0.367209 all_same_author,8,mean_curvature,-0.284276 all_same_author,8,mean_delta_norm,0.218944 all_same_author,8,ABA_feedback_rate,-0.074142 all_same_author,12,dominant_family_entropy,1.117041 all_same_author,12,unique_dominant_states,0.92657 all_same_author,12,dominant_dwell_rate,0.68748 all_same_author,12,mean_delta_norm,0.562004 all_same_author,12,lagged_user_assistant_cosine,0.516463 all_same_author,12,lagged_user_assistant_gain,-0.491644 all_same_author,12,mean_recurrence,-0.436206 all_same_author,12,mean_transition_cosine,0.412797 all_same_author,12,ABA_feedback_rate,0.190023 all_same_author,12,sd_delta_norm,0.140568 all_same_author,12,mean_curvature,-0.013012 "
WF1-P0,C:\RSOS\RSOS_EXPERIMENTS_WF1_P0_HISTORICAL_CORPUS_BRIDGE\ADJUDICATION\WF1_P0_FINAL_ADJUDICATION_AND_FEATURE_FREEZE.zip::02_FIXED_WINDOW_HARDENING.csv,same_author,,"dominant_dwell_rate,0.582981 all_same_author,8,mean_recurrence,-0.386682 all_same_author,8,sd_delta_norm,0.367209 all_same_author,8,mean_curvature,-0.284276 all_same_author,8,mean_delta_norm,0.218944 all_same_author,8,ABA_feedback_rate,-0.074142 all_same_author,12,dominant_family_entropy,1.117041 all_same_author,12,unique_dominant_states,0.92657 all_same_author,12,dominant_dwell_rate,0.68748 all_same_author,12,mean_delta_norm,0.562004 all_same_author,12,lagged_user_assistant_cosine,0.516463 all_same_author,12,lagged_user_assistant_gain,-0.491644 all_same_author,12,mean_recurrence,-0.436206 all_same_author,12,mean_transition_cosine,0.412797 all_same_author,12,ABA_feedback_rate,0.190023 all_same_author,12,sd_delta_norm,0.140568 all_same_author,12,mean_curvature,-0.013012 "
WF1-P0,C:\RSOS\RSOS_EXPERIMENTS_WF1_P0_HISTORICAL_CORPUS_BRIDGE\ADJUDICATION\WF1_P0_FINAL_ADJUDICATION_AND_FEATURE_FREEZE.zip::02_FIXED_WINDOW_HARDENING.csv,same_author,,"rrence,-0.386682 all_same_author,8,sd_delta_norm,0.367209 all_same_author,8,mean_curvature,-0.284276 all_same_author,8,mean_delta_norm,0.218944 all_same_author,8,ABA_feedback_rate,-0.074142 all_same_author,12,dominant_family_entropy,1.117041 all_same_author,12,unique_dominant_states,0.92657 all_same_author,12,dominant_dwell_rate,0.68748 all_same_author,12,mean_delta_norm,0.562004 all_same_author,12,lagged_user_assistant_cosine,0.516463 all_same_author,12,lagged_user_assistant_gain,-0.491644 all_same_author,12,mean_recurrence,-0.436206 all_same_author,12,mean_transition_cosine,0.412797 all_same_author,12,ABA_feedback_rate,0.190023 all_same_author,12,sd_delta_norm,0.140568 all_same_author,12,mean_curvature,-0.013012 "
WF1-P0,C:\RSOS\RSOS_EXPERIMENTS_WF1_P0_HISTORICAL_CORPUS_BRIDGE\ADJUDICATION\WF1_P0_FINAL_ADJUDICATION_AND_FEATURE_FREEZE.zip::02_FIXED_WINDOW_HARDENING.csv,same_author,,"orm,0.367209 all_same_author,8,mean_curvature,-0.284276 all_same_author,8,mean_delta_norm,0.218944 all_same_author,8,ABA_feedback_rate,-0.074142 all_same_author,12,dominant_family_entropy,1.117041 all_same_author,12,unique_dominant_states,0.92657 all_same_author,12,dominant_dwell_rate,0.68748 all_same_author,12,mean_delta_norm,0.562004 all_same_author,12,lagged_user_assistant_cosine,0.516463 all_same_author,12,lagged_user_assistant_gain,-0.491644 all_same_author,12,mean_recurrence,-0.436206 all_same_author,12,mean_transition_cosine,0.412797 all_same_author,12,ABA_feedback_rate,0.190023 all_same_author,12,sd_delta_norm,0.140568 all_same_author,12,mean_curvature,-0.013012 "
WF1-P0,C:\RSOS\RSOS_EXPERIMENTS_WF1_P0_HISTORICAL_CORPUS_BRIDGE\ADJUDICATION\WF1_P0_FINAL_ADJUDICATION_AND_FEATURE_FREEZE.zip::02_FIXED_WINDOW_HARDENING.csv,same_author,,"4276 all_same_author,8,mean_delta_norm,0.218944 all_same_author,8,ABA_feedback_rate,-0.074142 all_same_author,12,dominant_family_entropy,1.117041 all_same_author,12,unique_dominant_states,0.92657 all_same_author,12,dominant_dwell_rate,0.68748 all_same_author,12,mean_delta_norm,0.562004 all_same_author,12,lagged_user_assistant_cosine,0.516463 all_same_author,12,lagged_user_assistant_gain,-0.491644 all_same_author,12,mean_recurrence,-0.436206 all_same_author,12,mean_transition_cosine,0.412797 all_same_author,12,ABA_feedback_rate,0.190023 all_same_author,12,sd_delta_norm,0.140568 all_same_author,12,mean_curvature,-0.013012 "
WF1-P0,C:\RSOS\RSOS_EXPERIMENTS_WF1_P0_HISTORICAL_CORPUS_BRIDGE\ADJUDICATION\WF1_P0_FINAL_ADJUDICATION_AND_FEATURE_FREEZE.zip::02_FIXED_WINDOW_HARDENING.csv,same_author,,"4 all_same_author,8,ABA_feedback_rate,-0.074142 all_same_author,12,dominant_family_entropy,1.117041 all_same_author,12,unique_dominant_states,0.92657 all_same_author,12,dominant_dwell_rate,0.68748 all_same_author,12,mean_delta_norm,0.562004 all_same_author,12,lagged_user_assistant_cosine,0.516463 all_same_author,12,lagged_user_assistant_gain,-0.491644 all_same_author,12,mean_recurrence,-0.436206 all_same_author,12,mean_transition_cosine,0.412797 all_same_author,12,ABA_feedback_rate,0.190023 all_same_author,12,sd_delta_norm,0.140568 all_same_author,12,mean_curvature,-0.013012 "
WF1-P0,C:\RSOS\RSOS_EXPERIMENTS_WF1_P0_HISTORICAL_CORPUS_BRIDGE\ADJUDICATION\WF1_P0_FINAL_ADJUDICATION_AND_FEATURE_FREEZE.zip::02_FIXED_WINDOW_HARDENING.csv,same_author,,"74142 all_same_author,12,dominant_family_entropy,1.117041 all_same_author,12,unique_dominant_states,0.92657 all_same_author,12,dominant_dwell_rate,0.68748 all_same_author,12,mean_delta_norm,0.562004 all_same_author,12,lagged_user_assistant_cosine,0.516463 all_same_author,12,lagged_user_assistant_gain,-0.491644 all_same_author,12,mean_recurrence,-0.436206 all_same_author,12,mean_transition_cosine,0.412797 all_same_author,12,ABA_feedback_rate,0.190023 all_same_author,12,sd_delta_norm,0.140568 all_same_author,12,mean_curvature,-0.013012 "
WF1-P0,C:\RSOS\RSOS_EXPERIMENTS_WF1_P0_HISTORICAL_CORPUS_BRIDGE\ADJUDICATION\WF1_P0_FINAL_ADJUDICATION_AND_FEATURE_FREEZE.zip::04_WF1_P0_FINAL_ADJUDICATION.md,same-author,,"# WF1-P0 — Final Adjudication and Feature Freeze ## Verdict WF1-P0 completed successfully as an INTERNAL DISCOVERY/AUDIT bridge. The package hash and internal output hashes verify. The initial full-conversation dynamic differences are not sufficient for confirmatory use because conversation length, verbosity, and chronology explain a substantial fraction of several raw effects. A hardening cross-check against the already frozen F1 same-author lineage/non-lineage labels was therefore performed using fixed 8- and 12-message windows. This removes the largest length imbalance without opening any public external corpus. ## Findings promoted - Structural-state entropy: strong fixed-window holdout separation. - Number of active structural states: strong fixed-window holdout separation. - Dominant-state dwell: moderate-to-large fixed-window holdout separation. - User→assistant structural cosine: moderate fixed-window holdout separation. - "
WF1-P0,C:\RSOS\RSOS_EXPERIMENTS_WF1_P0_HISTORICAL_CORPUS_BRIDGE\ADJUDICATION\WF1_P0_FINAL_ADJUDICATION_AND_FEATURE_FREEZE.zip::04_WF1_P0_FINAL_ADJUDICATION.md,non-lineage,,"# WF1-P0 — Final Adjudication and Feature Freeze ## Verdict WF1-P0 completed successfully as an INTERNAL DISCOVERY/AUDIT bridge. The package hash and internal output hashes verify. The initial full-conversation dynamic differences are not sufficient for confirmatory use because conversation length, verbosity, and chronology explain a substantial fraction of several raw effects. A hardening cross-check against the already frozen F1 same-author lineage/non-lineage labels was therefore performed using fixed 8- and 12-message windows. This removes the largest length imbalance without opening any public external corpus. ## Findings promoted - Structural-state entropy: strong fixed-window holdout separation. - Number of active structural states: strong fixed-window holdout separation. - Dominant-state dwell: moderate-to-large fixed-window holdout separation. - User→assistant structural cosine: moderate fixed-window holdout separation. - Consecutive transiti"
